$ 1 0.000005 1.2182493960703473 50 5 43 5e-11
r 64 272 160 272 0 260
r 240 272 336 272 0 180
r 48 48 128 48 0 450
r 64 144 128 144 0 810
r 208 64 208 112 0 190
r 288 144 352 144 0 220
r 384 64 384 112 0 220
r 448 48 448 128 0 720
w -48 128 -48 144 0
w 160 272 240 272 0
w 336 272 384 272 0
w 352 144 384 144 0
w 448 128 448 144 0
w 448 144 384 144 0
w 384 64 384 48 0
w 384 272 384 144 0
w 384 144 384 112 0
w 384 48 448 48 0
w 128 48 208 48 0
w 208 48 208 64 0
w 384 48 208 48 0
w 288 144 208 144 0
w 208 112 208 144 0
w 208 144 128 144 0
w 64 144 16 144 0
w 16 144 16 48 0
w 48 48 16 48 0
w 16 48 -48 48 0
w -48 48 -48 64 0
w -48 240 -48 272 0
w -48 272 64 272 0
v -48 240 -48 144 0 0 40 80 0 0 0.5
v -48 128 -48 64 0 0 40 100 0 0 0.5
